-2.5
-2.5
-2.5875
-2.66206
-2.72331
-2.77095
-2.80473
-2.82449
-2.83012
-2.82161
-2.79898
-2.76236
-2.71193
-2.64794
-2.57071
-2.48063
-2.37814
-2.26377
-2.13807
-2.00168
-1.85529
-1.69962
-1.53545
-1.3636
-1.18494
-1.00035
-0.810755
-0.61711
-0.420379
-0.221547
-0.0216065
0.178442
0.377598
0.574866
0.769259
0.959807
1.14556
1.32558
1.49897
1.66487
1.82244
1.9709
2.10951
2.23757
2.35444
2.45954
2.55234
2.63238
2.69926
2.75264
2.79226
2.81791
2.82948
2.8269
2.81019
2.77942
2.73476
2.67642
2.60471
2.51996
2.42262
2.31317
2.19215
2.06017
1.91788
1.76601
1.60531
1.43658
1.26067
1.07846
0.89085
0.698789
0.503234
0.305163
0.105566
-0.0945585
-0.29421
-0.492391
-0.68811
-0.880389
-1.06827
-1.2508
-1.42708
-1.59623
-1.75739
-1.90977
-2.0526
-2.18516
-2.3068
-2.41691
-2.51493
-2.60038
-2.67282
-2.7319
-2.77732
-2.80886
-2.82635
-2.82971
-2.81892
-2.79403
-2.75518
-2.70255
-2.6364
-2.55708
-2.46497
-2.36053
-2.24429
-2.11683
-1.97879
-1.83085
-1.67376
-1.5083
-1.3353
-1.15562
-0.970161
-0.779853
-0.585646
-0.388511
-0.189433
0.0105925
0.210565
0.409484
0.606356
0.800196
0.990035
1.17492
1.35394
1.52618
1.6908
1.84696
1.99388
2.13084
2.25714
2.37215
2.47531
2.56609
2.64404
2.70876
2.75995
2.79733
2.82073
2.83002
2.82517
2.80618
2.77317
2.72629
2.66578
2.59194
2.50514
2.40582
2.29447
2.17164
2.03796
1.89408
1.74074
1.57869
1.40875
1.23176
1.04862
0.860231
0.667542
0.471516
0.273133
0.0733833
-0.126733
-0.326216
-0.524067
-0.719298
-0.910933
-1.09801
-1.2796
-1.45479
-1.62271
-1.78252
-1.93341
-2.07463
-2.20549
-2.32531
-2.43351
-2.52954
-2.61292
-2.68324
-2.74014
-2.78334
-2.81262
-2.82785
-2.82893
-2.81586
-2.78872
-2.74764
-2.69281
-2.62452
-2.54311
-2.44899
-2.34262
-2.22453
-2.09533
-1.95564
-1.80618
-1.64769
-1.48096
-1.30682
-1.12615
-0.939851
-0.748851
-0.554106
-0.356592
-0.157294
0.04279
0.24266
0.441317
0.637767
0.831029
1.02014
1.20414
1.38213
1.5532
1.71651
1.87123
2.0166
2.15189
2.27642
2.38956
2.49076
2.5795
2.65535
2.71792
2.7669
2.80204
2.82318
2.8302
2.82306
2.80182
2.76656
2.71747
2.65479
2.57884
2.49
2.3887
2.27547
2.15085
2.01548
1.87003
1.71524
1.55186
1.38073
1.20269
1.01864
0.8295
0.636209
0.439737
0.241067
0.0411909
-0.158891
-0.358178
-0.555675
-0.750393
-0.941359
-1.12762
-1.30824
-1.48232
-1.64899
-1.80741
-1.9568
-2.0964
-2.22552
-2.34351
-2.44979
-2.54381
-2.62512
-2.6933
-2.74802
-2.78899
-2.81602
-2.82897
-2.82778
-2.81244
-2.78305
-2.73974
-2.68273
-2.6123
-2.52882
-2.43269
-2.3244
-2.20448
-2.07355
-1.93224
-1.78127
-1.6214
-1.45342
-1.27818
-1.09654
-0.909419
-0.717751
-0.522495
-0.324627
-0.125135
0.0749818
0.274724
0.473093
0.669096
0.861754
1.0501
1.2332
1.41013
1.58002
1.742
1.89527
2.03906
2.17266
2.2954
2.40666
2.50589
2.59258
2.66632
2.72672
2.77349
2.80639
2.82526
2.83
2.8206
2.79709
2.75959
2.7083
2.64346
2.56541
2.47453
2.37128
2.25617
2.12978
1.99275
1.84574
1.68951
1.52484
1.35253
1.17347
0.988536
0.798661
0.604793
0.407901
0.20897
0.00899318
-0.191028
-0.390095
-0.58721
-0.78139
-0.971663
-1.15708
-1.33671
-1.50965
-1.67505
-1.83207
-1.97993
-2.1179
-2.24527
-2.36141
-2.46575
-2.55776
-2.63699
-2.70302
-2.75554
-2.79429
-2.81906
-2.82974
-2.82626
-2.80866
-2.77702
-2.73148
-2.6723
-2.59975
-2.5142
-2.41608
-2.30588
-2.18415
-2.0515
-1.90859
-1.75614
-1.59491
-1.4257
-1.24937
-1.06678
-0.878869
-0.686559
-0.490817
-0.29262
-0.0929604
0.107164
0.306753
0.504808
0.700338
0.892367
1.07993
1.2621
1.43796
1.60663
1.76726
1.91906
2.06126
2.19316
2.31409
2.42345
2.52069
2.60533
2.67694
2.73517
2.77972
2.81038
2.82698
2.82944
2.81776
2.79199
2.75227
2.69877
2.63179
2.55165
2.45875
2.35355
2.23659
2.10844
1.96975
1.82122
1.66357
1.49761
1.32416
1.14409
0.958302
0.76772
0.573299
0.376013
0.176846
-0.0232057
-0.223141
-0.42196
-0.61867
-0.812286
-1.00184
-1.18639
-1.365
-1.53679
-1.70089
-1.85649
-2.00281
-2.13912
-2.26472
-2.37901
-2.4814
-2.57138
-2.64851
-2.71239
-2.76271
-2.79922
-2.82173
-2.83013
-2.82438
-2.80452
-2.77062
-2.72288
-2.66152
-2.58685
-2.49925
-2.39915
-2.28706
-2.16353
-2.02918
-1.88469
-1.73077
-1.5682
-1.39779
-1.22039
-1.03689
-0.848205
-0.655277
-0.459074
-0.260575
-0.0607731
0.139333
0.338742
0.536457
0.73149
0.922866
1.10963
1.29084
1.4656
1.63303
1.7923
1.9426
2.08319
2.21337
2.33248
2.43992
2.53517
2.61774
2.68722
2.74327
2.7856
2.814
2.82833
2.82852
2.81457
2.78654
2.74458
2.6889
2.61978
2.53755
2.44264
2.33551
2.21671
2.08682
1.9465
1.79645
1.63742
1.47019
1.29562
1.11457
0.927943
0.736679
0.541731
0.344075
0.144698
-0.0554017
-0.255225
-0.453772
-0.65005
-0.843078
-1.03189
-1.21554
-1.39312
-1.56373
-1.72652
-1.88068
-2.02543
-2.16006
-2.28389
-2.3963
-2.49672
-2.58467
-2.65969
-2.72141
-2.76952
-2.80379
-2.82404
-2.83016
-2.82214
-2.80001
-2.76387
-2.71392
-2.6504
-2.57362
-2.48398
-2.38192
-2.26794
-2.14263
-2.00661
-1.86055
-1.70519
-1.5413
-1.3697
-1.19126
-1.00686
-0.817432
-0.623912
-0.427272
-0.228497
-0.0285782
0.171483
0.370687
0.568037
0.762547
0.953245
1.13918
1.31941
1.49305
1.65922
1.8171
1.96589
2.10485
2.23329
2.35056
2.45608
2.54932
2.62981
2.69715
2.75101
2.79111
2.81726
2.82932
2.82723
2.81101
2.78073
2.73655
2.67868
2.60742
2.52313
2.42622
2.31718
2.19655
2.06494
1.923
1.77145
1.61105
1.44258
1.26691
