0
0.1
0.2
0.3
0.4
0.5
0.6
0.7
0.8
0.9
1
1.1
1.2
1.3
1.4
1.5
1.6
1.7
1.8
1.9
2
2.1
2.2
2.3
2.4
2.5
2.6
2.7
2.8
2.9
3
3.1
3.2
3.3
3.4
3.5
3.6
3.7
3.8
3.9
4
4.1
4.2
4.3
4.4
4.5
4.6
4.7
4.8
4.9
5
5.1
5.2
5.3
5.4
5.5
5.6
5.7
5.8
5.9
6
6.1
6.2
6.3
6.4
6.5
6.6
6.7
6.8
6.9
7
7.1
7.2
7.3
7.4
7.5
7.6
7.7
7.79999
7.89999
7.99999
8.09999
8.2
8.3
8.4
8.5
8.6
8.7
8.8
8.9
9
9.1
9.2
9.3
9.4
9.5
9.6
9.7
9.8
9.9
10
10.1
10.2
10.3
10.4
10.5
10.6
10.7
10.8
10.9
11
11.1
11.2
11.3
11.4
11.5
11.6
11.7
11.8
11.9
12
12.1
12.2
12.3
12.4
12.5
12.6
12.7
12.8
12.9
13
13.1
13.2
13.3
13.4
13.5
13.6
13.7
13.8
13.9
14
14.1
14.2
14.3
14.4
14.5
14.6
14.7
14.8
14.9
15
15.1
15.2
15.3
15.4
15.5
15.6
15.7
15.8
15.9
16
16.1
16.2
16.3
16.4
16.5
16.6
16.7
16.8
16.9
17
17.1
17.2
17.3
17.4
17.5
17.6
17.7
17.8
17.9
18
18.1
18.2
18.3
18.4
18.5
18.6
18.7
18.8
18.9
19
19.1
19.2
19.3
19.4
19.5
19.6
19.7
19.8
19.9
20
20.1
20.2
20.3
20.4
20.5
20.6
20.7
20.8
20.9
21
21.1
21.2
21.3
21.4
21.5
21.6
21.7
21.8
21.9
22
22.1
22.2
22.3
22.4
22.5
22.6
22.7001
22.8001
22.9001
23.0001
23.1001
23.2001
23.3001
23.4001
23.5001
23.6001
23.7001
23.8001
23.9001
24.0001
24.1001
24.2001
24.3001
24.4001
24.5001
24.6001
24.7001
24.8001
24.9001
25.0001
25.1001
25.2001
25.3001
25.4001
25.5001
25.6001
25.7001
25.8001
25.9001
26.0001
26.1001
26.2001
26.3001
26.4001
26.5001
26.6001
26.7001
26.8001
26.9001
27.0001
27.1001
27.2001
27.3001
27.4001
27.5001
27.6001
27.7001
27.8001
27.9001
28.0001
28.1001
28.2001
28.3001
28.4001
28.5001
28.6001
28.7001
28.8001
28.9001
29.0001
29.1001
29.2001
29.3001
29.4001
29.5001
29.6001
29.7001
29.8001
29.9001
30.0001
30.1001
30.2001
30.3001
30.4001
30.5001
30.6001
30.7001
30.8001
30.9001
31.0001
31.1001
31.2001
31.3001
31.4001
31.5001
31.6001
31.7001
31.8001
31.9001
32.0001
32.1001
32.2001
32.3001
32.4001
32.5001
32.6001
32.7001
32.8001
32.9001
33.0001
33.1001
33.2001
33.3001
33.4001
33.5001
33.6001
33.7001
33.8001
33.9001
34.0001
34.1001
34.2001
34.3
34.4
34.5
34.6
34.7
34.8
34.9
35
35.1
35.2
35.3
35.4
35.5
35.6
35.7
35.8
35.9
36
36.1
36.2
36.3
36.4
36.5
36.6
36.7
36.8
36.9
37
37.1
37.2
37.3
37.4
37.5
37.6
37.7
37.8
37.9
38
38.1
38.2
38.3
38.4
38.5
38.6
38.7
38.8
38.9
39
39.1
39.2
39.3
39.4
39.5
39.6
39.7
39.8
39.9
40
40.1
40.2
40.3
40.4
40.5
40.6
40.7
40.7999
40.8999
40.9999
41.0999
41.1999
41.2999
41.3999
41.4999
41.5999
41.6999
41.7999
41.8999
41.9999
42.0999
42.1999
42.2999
42.3999
42.4999
42.5999
42.6999
42.7999
42.8999
42.9999
43.0999
43.1999
43.2999
43.3999
43.4999
43.5999
43.6999
43.7999
43.8999
43.9999
44.0999
44.1999
44.2999
44.3999
44.4999
44.5999
44.6999
44.7999
44.8999
44.9999
45.0999
45.1999
45.2999
45.3999
45.4999
45.5999
45.6999
45.7999
45.8999
45.9999
46.0999
46.1999
46.2999
46.3999
46.4999
46.5999
46.6999
46.7999
46.8999
46.9999
47.0999
47.1999
47.2999
47.3998
47.4998
47.5998
47.6998
47.7998
47.8998
47.9998
48.0998
48.1998
48.2998
48.3998
48.4998
48.5998
48.6998
48.7998
48.8998
48.9998
49.0998
49.1998
49.2998
49.3998
49.4998
49.5998
49.6998
49.7998
49.8998
49.9998
50.0998
50.1998
50.2998
50.3998
50.4998
50.5998
50.6998
50.7998
50.8998
50.9998
51.0998
51.1998
51.2998
51.3998
51.4998
51.5998
51.6998
51.7998
51.8998
51.9998
52.0998
52.1998
52.2998
52.3998
52.4998
52.5998
52.6998
52.7998
52.8998
52.9998
53.0998
53.1998
53.2998
53.3998
53.4998
53.5998
53.6998
53.7998
53.8997
53.9997
54.0997
54.1997
54.2997
54.3997
54.4997
54.5997
54.6997
54.7997
54.8997
54.9997
55.0997
55.1997
55.2997
55.3997
55.4997
55.5997
55.6997
55.7997
55.8997
55.9997
56.0997
56.1997
56.2997
56.3997
56.4997
56.5997
56.6997
56.7997
56.8997
56.9997
57.0997
57.1997
57.2997
57.3997
57.4997
57.5997
57.6997
57.7997
57.8997
57.9997
58.0997
58.1997
58.2997
58.3997
58.4997
58.5997
58.6997
58.7997
58.8997
58.9997
59.0997
59.1997
59.2997
59.3997
59.4997
59.5997
59.6997
59.7997
59.8997
59.9997
60.0997
