2
1.75
1.49125
1.22504
0.952712
0.675617
0.395144
0.112695
-0.170317
-0.452478
-0.732376
-1.00861
-1.27981
-1.5446
-1.80167
-2.04973
-2.28755
-2.51393
-2.72773
-2.9279
-3.11343
-3.28339
-3.43694
-3.5733
-3.69179
-3.79182
-3.8729
-3.93461
-3.97665
-3.9988
-4.00096
-3.98312
-3.94536
-3.88787
-3.81095
-3.71497
-3.60041
-3.46785
-3.31796
-3.15147
-2.96923
-2.77214
-2.56119
-2.33743
-2.10198
-1.85603
-1.6008
-1.33756
-1.06763
-0.792369
-0.513144
-0.231352
0.0515958
0.334286
0.615305
0.893247
1.16672
1.43437
1.69484
1.94683
2.18909
2.42041
2.63963
2.84564
3.03743
3.21403
3.37456
3.51822
3.64429
3.75213
3.84122
3.9111
3.96142
3.99194
4.00249
3.99304
3.96362
3.91438
3.84557
3.75753
3.6507
3.52562
3.38291
3.22329
3.04755
2.85658
2.65132
2.4328
2.20212
1.96043
1.70893
1.4489
1.18161
0.908424
0.630692
0.349806
0.0671707
-0.2158
-0.497692
-0.777095
-1.05261
-1.32287
-1.58651
-1.84222
-2.08871
-2.32477
-2.5492
-2.76088
-2.95876
-3.14184
-3.30922
-3.46005
-3.59358
-3.70914
-3.80616
-3.88414
-3.94271
-3.98156
-4.0005
-3.99944
-3.97839
-3.93744
-3.8768
-3.79678
-3.69778
-3.58029
-3.44489
-3.29227
-3.12319
-2.9385
-2.73911
-2.52603
-2.30031
-2.0631
-1.81557
-1.55896
-1.29455
-1.02368
-0.747684
-0.467951
-0.185878
0.0971245
0.379641
0.660259
0.937577
1.21021
1.47678
1.73598
1.98649
2.22707
2.45652
2.67369
2.87748
3.06689
3.24096
3.39883
3.53971
3.66288
3.76774
3.85377
3.92052
3.96767
3.99499
4.00232
3.98965
3.95703
3.90462
3.83269
3.7416
3.6318
3.50384
3.35836
3.19609
3.01784
2.82449
2.61703
2.39648
2.16395
1.9206
1.66765
1.40636
1.13803
0.864018
0.585684
0.304422
0.0216371
-0.261256
-0.542842
-0.821714
-1.09648
-1.36576
-1.62821
-1.88252
-2.12742
-2.36168
-2.58414
-2.79367
-2.98923
-3.16985
-3.33462
-3.48272
-3.6134
-3.72601
-3.82
-3.89488
-3.95029
-3.98595
-4.00168
-3.9974
-3.97314
-3.92901
-3.86523
-3.78213
-3.68011
-3.5597
-3.42149
-3.26617
-3.09452
-2.90739
-2.70573
-2.49054
-2.2629
-2.02394
-1.77487
-1.51692
-1.25138
-0.979591
-0.702902
-0.422697
-0.14038
0.14264
0.424947
0.705128
0.981784
1.25353
1.51901
1.7769
2.0259
2.26477
2.49231
2.7074
2.90895
3.09595
3.26747
3.42266
3.56073
3.681
3.78287
3.86582
3.92944
3.97341
3.99752
4.00164
3.98575
3.94993
3.89436
3.81932
3.72519
3.61242
3.4816
3.33337
3.16847
2.98773
2.79205
2.58241
2.35986
2.12551
1.88053
1.62614
1.36363
1.0943
0.8195
0.540601
0.258999
-0.0238989
-0.306677
-0.587921
-0.866226
-1.1402
-1.40847
-1.6697
-1.92258
-2.16585
-2.39829
-2.61874
-2.8261
-3.01932
-3.19745
-3.35959
-3.50493
-3.63275
-3.7424
-3.83334
-3.90512
-3.95737
-3.98983
-4.00234
-3.99485
-3.96737
-3.92006
-3.85315
-3.76698
-3.66197
-3.53865
-3.39764
-3.23963
-3.06543
-2.87591
-2.672
-2.45473
-2.22519
-1.98453
-1.73394
-1.47468
-1.20805
-0.935377
-0.658028
-0.377389
-0.094863
0.188137
0.470197
0.749906
1.02586
1.29669
1.56104
1.81758
2.06504
2.30216
2.52778
2.74076
2.94003
3.12461
3.29356
3.44604
3.5813
3.69864
3.7975
3.87736
3.93784
3.97863
3.99953
4.00043
3.98133
3.94232
3.88359
3.80546
3.70829
3.59258
3.45891
3.30795
3.14044
2.95723
2.75924
2.54745
2.32292
2.08678
1.84021
1.58443
1.32073
1.05043
0.774876
0.495448
0.213542
-0.0694319
-0.352058
-0.632925
-0.910626
-1.18377
-1.451
-1.71098
-1.9624
-2.20401
-2.43459
-2.65301
-2.85816
-3.04902
-3.22463
-3.38412
-3.52669
-3.65163
-3.75831
-3.84619
-3.91485
-3.96393
-3.99319
-4.00249
-3.99177
-3.9611
-3.91062
-3.84058
-3.75135
-3.64335
-3.51714
-3.37335
-3.21268
-3.03596
-2.84405
-2.63793
-2.41861
-2.1872
-1.94486
-1.69279
-1.43225
-1.16456
-0.891042
-0.61307
-0.332032
-0.0493344
0.23361
0.515386
0.794586
1.06981
1.33969
1.60287
1.85803
2.10391
2.33926
2.56292
2.77377
2.97074
3.15286
3.31922
3.46898
3.6014
3.71581
3.81164
3.88841
3.94574
3.98334
4.00102
3.9987
3.97639
3.93419
3.87233
3.7911
3.69091
3.57227
3.43577
3.2821
3.11201
2.92636
2.72608
2.51216
2.28569
2.04779
1.79965
1.54251
1.27766
1.00642
0.730152
0.45023
0.168057
-0.114956
-0.397395
-0.677846
-0.954908
-1.2272
-1.49335
-1.75203
-2.00196
-2.24187
-2.47058
-2.68693
-2.88985
-3.07832
-3.2514
-3.40822
-3.548
-3.67003
-3.77372
-3.85854
-3.92407
-3.96998
-3.99604
-4.00211
-3.98818
-3.95431
-3.90066
-3.82751
-3.73523
-3.62426
-3.49518
-3.34862
-3.18532
-3.00609
-2.81183
-2.60351
-2.38217
-2.14892
-1.90493
-1.65141
-1.38964
-1.12092
-0.846592
-0.568032
-0.286632
-0.00379914
0.279053
0.56051
0.839164
1.11362
1.38251
1.64449
1.89825
2.14251
2.37606
2.59773
2.80641
3.00106
3.18071
3.34445
3.49147
3.62103
3.73249
3.82528
3.89895
3.95312
3.98753
4.002
3.99646
3.97094
3.92556
3.86056
3.77625
3.67306
3.55151
3.41219
3.25582
3.08317
2.8951
2.69256
2.47655
2.24816
2.00853
1.75886
1.5004
1.23443
0.962286
0.685334
0.404955
0.122551
-0.160465
-0.442679
-0.72268
-0.999067
-1.27046
-1.5355
-1.79286
-2.04126
-2.27945
-2.50624
-2.72051
-2.92117
-3.10722
-3.27774
-3.43187
-3.56884
-3.68797
-3.78865
-3.8704
-3.93279
-3.97552
-3.99837
-4.00122
-3.98408
-3.94701
-3.8902
-3.81395
-3.71862
-3.60471
-3.47276
-3.32346
-3.15754
-2.97583
-2.77924
-2.56875
-2.34542
-2.11037
-1.86476
-1.60983
-1.34685
-1.07713
-0.802032
-0.522921
-0.241195
0.0417365
0.324459
0.60556
0.883633
1.15729
1.42516
1.6859
1.93821
2.18083
2.41255
2.63221
2.8387
3.031
3.20815
3.36925
3.51351
3.6402
