5
5.01975
5.03925
5.0585
5.07749
5.09623
5.11472
5.13295
5.15092
5.16863
5.18609
5.20329
5.22023
5.2369
5.25332
5.26947
5.28536
5.30098
5.31634
5.33144
5.34626
5.36082
5.37511
5.38914
5.40289
5.41637
5.42958
5.44253
5.45519
5.46759
5.47971
5.49156
5.50314
5.51443
5.52546
5.5362
5.54667
5.55687
5.56678
5.57642
5.58578
5.59486
5.60365
5.61217
5.62041
5.62837
5.63604
5.64344
5.65055
5.65738
5.66392
5.67019
5.67617
5.68186
5.68727
5.6924
5.69724
5.7018
5.70607
5.71006
5.71376
5.71718
5.72031
5.72315
5.72571
5.72798
5.72997
5.73167
5.73308
5.73421
5.73504
5.7356
5.73586
5.73584
5.73553
5.73494
5.73406
5.73289
5.73143
5.72969
5.72766
5.72535
5.72275
5.71986
5.71669
5.71323
5.70949
5.70546
5.70114
5.69654
5.69166
5.68649
5.68103
5.67529
5.66927
5.66297
5.65638
5.64951
5.64235
5.63492
5.6272
5.6192
